parameters	all_bases	all_TSS	called_TSS	called_nonTSS	FDR	TPR	SP	SN	F0.5	tp/fdr	fraction_on_target
l_10.t_0.001	399717	52708829	370765	28952	0.0724312451	0.0070342105	0.9275687549	0.0070342105	0.0341355849	0.0971156925	0.9275687549
l_10.t_0.005	399717	52708829	370765	28952	0.0724312451	0.0070342105	0.9275687549	0.0070342105	0.0341355849	0.0971156925	0.9275687549
l_10.t_0.01	446639	52708829	412068	34571	0.0774025555	0.0078178174	0.9225974445	0.0078178174	0.0378076052	0.1010020578	0.9225974445
l_10.t_0.05	1227809	52708829	1122900	104909	0.0854440715	0.0213038313	0.9145559285	0.0213038313	0.097440015	0.2493307131	0.9145559285
l_10.t_0.1	1227809	52708829	1122900	104909	0.0854440715	0.0213038313	0.9145559285	0.0213038313	0.097440015	0.2493307131	0.9145559285
l_10.t_0.5	5398294	52708829	4432945	965349	0.1788248287	0.0841025135	0.8211751713	0.0841025135	0.2983058802	0.4703066909	0.8211751713
l_10.t_0.99	4973913	52708829	4095377	878536	0.1766287428	0.0776981215	0.8233712572	0.0776981215	0.28203335	0.4398951171	0.8233712572
l_100.t_0.001	2681506	52708829	2427308	254198	0.0947967299	0.0460512602	0.9052032701	0.0460512602	0.1913228994	0.4857895443	0.9052032701
l_100.t_0.005	3705520	52708829	3301042	404478	0.1091555301	0.0626278759	0.8908444699	0.0626278759	0.2444097117	0.5737489965	0.8908444699
l_100.t_0.01	3705520	52708829	3301042	404478	0.1091555301	0.0626278759	0.8908444699	0.0626278759	0.2444097117	0.5737489965	0.8908444699
l_100.t_0.05	5426916	52708829	4662918	763998	0.140779404	0.0884655965	0.859220596	0.0884655965	0.3132986931	0.6283987147	0.859220596
l_100.t_0.1	5426916	52708829	4662918	763998	0.140779404	0.0884655965	0.859220596	0.0884655965	0.3132986931	0.6283987147	0.859220596
l_100.t_0.5	9079465	52708829	7083054	1996411	0.2198820085	0.1343807885	0.7801179915	0.1343807885	0.3978050897	0.6111495406	0.7801179915
l_100.t_0.99	31117774	52708829	10981326	20136448	0.6471043848	0.2083394036	0.3528956152	0.2083394036	0.3098919361	0.3219564085	0.3528956152
l_200.t_0.001	5261452	52708829	4536388	725064	0.1378068259	0.0860650499	0.8621931741	0.0860650499	0.3075323928	0.6245340123	0.8621931741
l_200.t_0.005	6618704	52708829	5529211	1089493	0.1646082073	0.1049010404	0.8353917927	0.1049010404	0.349138449	0.6372770965	0.8353917927
l_200.t_0.01	6618704	52708829	5529211	1089493	0.1646082073	0.1049010404	0.8353917927	0.1049010404	0.349138449	0.6372770965	0.8353917927
l_200.t_0.05	8674924	52708829	6868794	1806130	0.2082012476	0.1303158148	0.7917987524	0.1303158148	0.3929132771	0.625912747	0.7917987524
l_200.t_0.1	8674924	52708829	6868794	1806130	0.2082012476	0.1303158148	0.7917987524	0.1303158148	0.3929132771	0.625912747	0.7917987524
l_200.t_0.5	12184940	52708829	8697180	3487760	0.2862353036	0.1650042349	0.7137646964	0.1650042349	0.4286496286	0.5764636046	0.7137646964
l_200.t_0.99	19410250	52708829	10756477	8653773	0.4458352159	0.2040735339	0.5541647841	0.2040735339	0.4126003495	0.4577330964	0.5541647841
l_400.t_0.001	9783670	52708829	6988462	2795208	0.2857013779	0.1325861745	0.7142986221	0.1325861745	0.380454867	0.4640725763	0.7142986221
l_400.t_0.005	10954189	52708829	7514039	3440150	0.3140488082	0.1425575021	0.6859511918	0.1425575021	0.3892252505	0.4539342241	0.6859511918
l_400.t_0.01	12431186	52708829	8076754	4354432	0.3502829095	0.1532334175	0.6497170905	0.1532334175	0.3942434967	0.4374561629	0.6497170905
l_400.t_0.05	14243912	52708829	8678644	5565268	0.390712046	0.164652567	0.609287954	0.164652567	0.395618607	0.4214166641	0.609287954
l_400.t_0.1	15355719	52708829	8982335	6373384	0.415049533	0.1704142393	0.584950467	0.1704142393	0.3935074395	0.4105877149	0.584950467
l_400.t_0.5	21855169	52708829	10109108	11746061	0.5374500193	0.1917915498	0.4625499807	0.1917915498	0.3607059056	0.3568546709	0.4625499807
l_400.t_0.99	30790034	52708829	9931330	20858704	0.6774498528	0.1884187182	0.3225501472	0.1884187182	0.2823502714	0.2781293958	0.3225501472
l_600.t_0.001	13376143	52708829	7067762	6308381	0.471614351	0.1340906663	0.528385649	0.1340906663	0.3327151722	0.2843227014	0.528385649
l_600.t_0.005	14681024	52708829	7281166	7399858	0.5040423611	0.1381393998	0.4959576389	0.1381393998	0.3267062226	0.2740630757	0.4959576389
l_600.t_0.01	16328473	52708829	7651637	8676836	0.5313929845	0.1451680325	0.4686070155	0.1451680325	0.3241594896	0.2731839462	0.4686070155
l_600.t_0.05	19481741	52708829	7955144	11526597	0.5916615461	0.1509262139	0.4083384539	0.1509262139	0.3044779619	0.2550887664	0.4083384539
l_600.t_0.1	20666115	52708829	8026224	12639891	0.6116239554	0.1522747546	0.3883760446	0.1522747546	0.2964478465	0.2489679373	0.3883760446
l_600.t_0.5	33875908	52708829	7897082	25978826	0.7668820567	0.1498246527	0.2331179433	0.1498246527	0.2097916886	0.1953685725	0.2331179433
l_600.t_0.99	49039202	52708829	6614154	42425048	0.8651251707	0.1254847456	0.1348748293	0.1254847456	0.132886044	0.1450480808	0.1348748293
l_800.t_0.001	17092278	52708829	6025983	11066295	0.6474441265	0.1143258751	0.3525558735	0.1143258751	0.2488472694	0.1765802953	0.3525558735
l_800.t_0.005	18602465	52708829	6090183	12512282	0.6726141939	0.1155438873	0.3273858061	0.1155438873	0.2395471133	0.1717833022	0.3273858061
l_800.t_0.01	20552296	52708829	6146619	14405677	0.7009278671	0.1166145998	0.2990721329	0.1166145998	0.2277908955	0.1663717556	0.2990721329
l_800.t_0.05	23993717	52708829	6174969	17818748	0.7426422509	0.1171524604	0.2573577491	0.1171524604	0.207654542	0.1577508689	0.2573577491
l_800.t_0.1	26829538	52708829	6097575	20731963	0.7727290347	0.1156841295	0.2272709653	0.1156841295	0.1905170916	0.1497085321	0.2272709653
l_800.t_0.5	38222960	52708829	5425278	32797682	0.8580623269	0.1029292076	0.1419376731	0.1029292076	0.1319372652	0.1199553976	0.1419376731
l_800.t_0.99	49677252	52708829	4514282	45162970	0.9091277835	0.0856456515	0.0908722165	0.0856456515	0.0897764863	0.0942063955	0.0908722165
l_1000.t_0.001	20617933	52708829	4439387	16178546	0.7846832173	0.0842247321	0.2153167827	0.0842247321	0.1642021222	0.1073359672	0.2153167827
l_1000.t_0.005	23309953	52708829	4461462	18848491	0.8086027029	0.0846435424	0.1913972971	0.0846435424	0.1528435609	0.1046787774	0.1913972971
l_1000.t_0.01	24379977	52708829	4450480	19929497	0.8174534783	0.0844351902	0.1825465217	0.0844351902	0.1481234579	0.1032905143	0.1825465217
l_1000.t_0.05	29329666	52708829	4335712	24993954	0.8521731546	0.082257794	0.1478268454	0.082257794	0.1275003214	0.0965270891	0.1478268454
l_1000.t_0.1	32820647	52708829	4148076	28672571	0.8736138261	0.078697935	0.1263861739	0.078697935	0.1127247148	0.0900832069	0.1263861739
l_1000.t_0.5	44980099	52708829	3290570	41689529	0.9268438693	0.0624291995	0.0731561307	0.0624291995	0.0707256365	0.0673567594	0.0731561307
l_1000.t_0.99	71375967	52708829	2101586	69274381	0.9705561117	0.0398716124	0.0294438883	0.0398716124	0.0310689992	0.0410812027	0.0294438883
l_2000.t_0.001	35200673	52708829	671743	34528930	0.9809167569	0.0127444114	0.0190832431	0.0127444114	0.0173566668	0.0129923475	0.0190832431
l_2000.t_0.005	40294017	52708829	637495	39656522	0.9841789167	0.0120946531	0.0158210833	0.0120946531	0.0149027587	0.0122890796	0.0158210833
l_2000.t_0.01	43015891	52708829	633172	42382719	0.9852805095	0.0120126364	0.0147194905	0.0120126364	0.0140847368	0.0121920979	0.0147194905
l_2000.t_0.05	51352344	52708829	548387	50803957	0.9893210912	0.0104040824	0.0106789088	0.0104040824	0.0106227881	0.0105163859	0.0106789088
l_2000.t_0.1	57810874	52708829	448396	57362478	0.9922437429	0.0085070378	0.0077562571	0.0085070378	0.0078956212	0.0085735363	0.0077562571
l_2000.t_0.5	76042409	52708829	255061	75787348	0.9966458059	0.0048390565	0.0033541941	0.0048390565	0.0035734995	0.0048553422	0.0033541941
l_2000.t_0.99	99784196	52708829	117082	99667114	0.9988266479	0.0022212977	0.0011733521	0.0022212977	0.0012955974	0.0022239071	0.0011733521
