Parameters	Overlap	Rep1	Rep2	Rep3	percent overlap	bases	on_target_bases	off_target_bases	on_target_mapped	off_target_mapped	not_mapped	Sensitivity	Specificity	F-Score_0.5	On/(on+off)	on/all
length_100.thresh_0.01	22596139	1314548016	375081322	329513342	3.3572871136	22596139	86375464	2598721521	4246411	101508	18349728	0.0491622366	0.1879263975	0.1201179712	0.9766536589	0.1879263975
length_100.thresh_1	10426784	256959490	260434280	230693016	4.1813800999	10426784	86375464	2598721521	2094666	25147	8332118	0.0242507062	0.200892816	0.0817701233	0.9881371612	0.200892816
length_100.thresh_2	7142971	193276526	190721486	178828555	3.8073741107	7142971	86375464	2598721521	1339474	10770	5803497	0.0155075752	0.1875233709	0.0582646761	0.9920236639	0.1875233709
length_100.thresh_4	3380596	28502711	29942953	50925970	9.2727772541	3380596	86375464	2598721521	635249	1938	2745347	0.0073545075	0.1879103566	0.0317949292	0.9969585067	0.1879103566
length_100.thresh_6	2382721	16518725	14824444	14142120	15.7153294112	2382721	86375464	2598721521	370707	631	2012014	0.0042918091	0.155581371	0.0193265101	0.9983007395	0.155581371
length_100.thresh_8	1699862	7288494	5719917	6769017	25.7848796112	1699862	86375464	2598721521	205347	249	1494515	0.0023773765	0.1208021592	0.0110194362	0.9987888869	0.1208021592
length_100.thresh_10	1349770	4467695	4039682	4201316	31.8625211892	1349770	86375464	2598721521	139510	122	1210260	0.0016151577	0.1033583499	0.0076006915	0.9991262748	0.1033583499
length_100.thresh_12	1030441	2987515	2772041	3133058	34.7628155231	1030441	86375464	2598721521	86937	47	943504	0.0010065011	0.0843687314	0.0048032963	0.9994596707	0.0843687314
length_100.thresh_14	785939	2224752	1995459	2239829	36.4984891734	785939	86375464	2598721521	56997	40	728942	0.0006598749	0.0725208954	0.0031835063	0.9992987008	0.0725208954
length_100.thresh_16	643957	1834680	1566807	1816959	37.0200438981	643957	86375464	2598721521	42016	0	601941	0.0004864344	0.0652465926	0.002361742	1	0.0652465926
																
length_200.thresh_0.01	58948015	1234495913	611024539	547471312	7.3900816401	58948015	86375464	2598721521	14167529	605055	44780486	0.1640226095	0.2403393736	0.2198782923	0.9590420335	0.2403393736
length_200.thresh_1	24374620	474338186	411022934	373344246	5.8094500886	24374620	86375464	2598721521	8721047	153235	15653573	0.1009667167	0.3577921215	0.2371474394	0.9827326876	0.3577921215
length_200.thresh_2	12465323	256411457	245473859	243470830	5.0171946929	12465323	86375464	2598721521	5701164	54789	6764159	0.0660044385	0.4573619151	0.2092373662	0.990481333	0.4573619151
length_200.thresh_4	6253912	46540016	40110628	40322572	14.7761367248	6253912	86375464	2598721521	2976704	9433	3277208	0.0344623793	0.4759747179	0.1336149692	0.9968410692	0.4759747179
length_200.thresh_6	4424899	14596943	14304255	13760161	31.1164419305	4424899	86375464	2598721521	1850782	2444	2574117	0.0214271729	0.4182653661	0.0889157306	0.9986812186	0.4182653661
length_200.thresh_8	3381056	8827452	8295058	8537008	39.5298461959	3381056	86375464	2598721521	1231845	1285	2149211	0.0142615153	0.364337355	0.0616540965	0.9989579363	0.364337355
length_200.thresh_10	2638949	6068489	5533268	5791074	45.5178745772	2638949	86375464	2598721521	836652	584	1802297	0.0096862229	0.3170398519	0.0431569754	0.9993024667	0.3170398519
length_200.thresh_12	2104130	4495250	4124226	4304980	48.8406630035	2104130	86375464	2598721521	582134	212	1521996	0.006739576	0.2766625636	0.0307058664	0.9996359553	0.2766625636
length_200.thresh_14	1734344	3581529	3261406	3457659	50.5119607665	1734344	86375464	2598721521	426838	71	1307506	0.004941658	0.2461091917	0.0228713433	0.9998336882	0.2461091917
length_200.thresh_16	1446116	2922173	2592938	2889614	51.6179648947	1446116	86375464	2598721521	318671	60	1127445	0.0036893695	0.2203633733	0.0172890218	0.9998117535	0.2203633733
																
length_400.thresh_0.01	122349181	1265646198	887139798	815633730	12.3650823293	122349181	86375464	2598721521	28210864	2436380	94138317	0.3266073801	0.2305766477	0.2449828646	0.9205024765	0.2305766477
length_400.thresh_1	45029629	726020697	520887775	517211434	7.6575796543	45029629	86375464	2598721521	19899289	689083	25130340	0.2303812689	0.4419154553	0.3733534431	0.9665304765	0.4419154553
length_400.thresh_2	19392648	188848061	179312770	165548680	10.9006758922	19392648	86375464	2598721521	13875464	228784	5517184	0.1606412673	0.7155012559	0.4231716315	0.9837790714	0.7155012559
length_400.thresh_4	11235527	48746073	43510288	41394739	25.2198305887	11235527	86375464	2598721521	8586829	48903	2648698	0.0994128263	0.7642568969	0.3269489707	0.9943371332	0.7642568969
length_400.thresh_6	7907395	19646641	18052628	18576875	42.1531812841	7907395	86375464	2598721521	5826857	12216	2080538	0.0674596318	0.7368870532	0.2468901668	0.9979078871	0.7368870532
length_400.thresh_8	6041150	11989720	11640103	11461388	51.6466929568	6041150	86375464	2598721521	4223270	4232	1817880	0.0488943249	0.6990837837	0.1910289287	0.998998936	0.6990837837
length_400.thresh_10	4706879	8765036	8030990	8349321	56.1560633862	4706879	86375464	2598721521	3064717	1389	1642162	0.0354813376	0.6511144646	0.1456573283	0.9995469824	0.6511144646
length_400.thresh_12	3822284	6712950	6296610	6443858	58.9451786827	3822284	86375464	2598721521	2335058	685	1487226	0.0270338114	0.6109064633	0.1148412525	0.9997067314	0.6109064633
length_400.thresh_14	3189107	5521430	4945300	5449083	60.1120470566	3189107	86375464	2598721521	1841513	454	1347594	0.0213198623	0.5774384491	0.0928819658	0.9997535244	0.5774384491
length_400.thresh_16	2702568	4685128	4137581	4435514	61.1522675399	2702568	86375464	2598721521	1470641	334	1231927	0.017026143	0.5441642911	0.0756613604	0.9997729397	0.5441642911
																
length_600.thresh_0.01	163394818	1332875554	1062355682	992138521	14.4709461666	163394818	86375464	2598721521	34742461	5146284	128652357	0.4022260419	0.2126289036	0.2347607179	0.8709840583	0.2126289036
length_600.thresh_1	57377734	918259623	441316760	506851310	9.2226022281	57377734	86375464	2598721521	26497317	1418779	30880417	0.3067690264	0.4618048702	0.4194121209	0.9491770268	0.4618048702
length_600.thresh_2	27851878	242127616	220651450	212056230	12.3816336364	27851878	86375464	2598721521	19784753	477695	8067125	0.2290552442	0.7103561562	0.500163194	0.9764246156	0.7103561562
length_600.thresh_4	15841550	59274081	50128410	53116298	29.2425573021	15841550	86375464	2598721521	12918169	119035	2923381	0.1495583167	0.8154611765	0.431348519	0.9908695914	0.8154611765
length_600.thresh_6	11128014	24002421	22699560	22674830	48.1198854759	11128014	86375464	2598721521	9184098	46126	1943916	0.1063276256	0.8253133039	0.3508393314	0.9950027215	0.8253133039
length_600.thresh_8	8531025	15253242	14457939	14926435	57.3352192465	8531025	86375464	2598721521	6920332	14606	1610693	0.0801191876	0.8111958411	0.2871517444	0.9978938528	0.8111958411
length_600.thresh_10	6722963	11307071	10540883	10774761	61.8246795216	6722963	86375464	2598721521	5304244	3388	1418719	0.061409152	0.7889741473	0.2341471568	0.9993616739	0.7889741473
length_600.thresh_12	5556564	9134490	8322328	8555502	64.0838341217	5556564	86375464	2598721521	4256260	1563	1300304	0.0492762621	0.7659877579	0.1959573016	0.999632911	0.7659877579
length_600.thresh_14	4664961	7269014	6780542	7330065	65.4589854516	4664961	86375464	2598721521	3463513	806	1201448	0.0400983432	0.7424527236	0.1648737489	0.9997673424	0.7424527236
length_600.thresh_16	4035862	6351434	5807677	6017026	66.6125370864	4035862	86375464	2598721521	2893603	669	1142259	0.0335002889	0.716972731	0.1411253272	0.9997688538	0.716972731
																
length_800.thresh_0.01	171535991	1546958131	1134541693	1064217572	13.7385691069	171535991	86375464	2598721521	34116372	7648307	137419619	0.394977583	0.1988875442	0.2208123884	0.8168714047	0.1988875442
length_800.thresh_1	66783994	1035391023	478975871	435077013	10.2773914797	66783994	86375464	2598721521	29619959	1983812	37164035	0.3429209827	0.4435188318	0.4189391862	0.9372286301	0.4435188318
length_800.thresh_2	32970365	229091500	207646361	208119986	15.3384339603	32970365	86375464	2598721521	23030196	699197	9940169	0.2666289121	0.6985120122	0.5275937088	0.9705345602	0.6985120122
length_800.thresh_4	18975931	56190763	55691683	49566501	35.2605539137	18975931	86375464	2598721521	15537097	181735	3438834	0.1798785938	0.8187791682	0.4787150217	0.9884383903	0.8187791682
length_800.thresh_6	13395670	26599719	25122946	24070449	53.0219803345	13395670	86375464	2598721521	11294244	76625	2101426	0.1307575494	0.843126473	0.4034864881	0.993261289	0.843126473
length_800.thresh_8	10278892	17415686	16700112	16448570	60.9849924358	10278892	86375464	2598721521	8700072	31148	1578820	0.1007238815	0.8464017328	0.3412032934	0.9964325719	0.8464017328
length_800.thresh_10	8205964	13082989	12301304	12368570	65.2080134956	8205964	86375464	2598721521	6885230	10983	1320734	0.079712799	0.8390519383	0.2888116308	0.9984073868	0.8390519383
length_800.thresh_12	6710156	10168594	9802126	9836428	67.5357065359	6710156	86375464	2598721521	5540700	2443	1169456	0.0641466887	0.8257185079	0.2446957892	0.9995592753	0.8257185079
length_800.thresh_14	5660092	8456106	8036788	8092050	69.067783925	5660092	86375464	2598721521	4574002	1320	1086090	0.0529548762	0.8081144264	0.2097861345	0.9997114957	0.8081144264
length_800.thresh_16	4798709	6979676	6747368	6798981	70.1359712852	4798709	86375464	2598721521	3804403	737	994306	0.0440449501	0.7927971877	0.1801833944	0.9998063146	0.7927971877
																
length_1000.thresh_0.01	186399227	1629029690	1146514714	1181557674	14.1314949672	186399227	86375464	2598721521	33025658	11330381	153373569	0.3823499924	0.1771770116	0.1984780932	0.7445583227	0.1771770116
length_1000.thresh_1	79408937	1117988320	507887272	517473814	11.1146978805	79408937	86375464	2598721521	31836547	3005662	47572390	0.3685832241	0.4009189419	0.3940057362	0.9137350333	0.4009189419
length_1000.thresh_2	38919634	219766024	222194424	236693964	17.2044710733	38919634	86375464	2598721521	25838648	943416	13080986	0.2991433771	0.6638975074	0.5337372652	0.9647743355	0.6638975074
length_1000.thresh_4	22257116	59708440	57545932	61506559	37.3523160942	22257116	86375464	2598721521	17884330	272501	4372786	0.2070533595	0.8035331262	0.5098041476	0.9849918193	0.8035331262
length_1000.thresh_6	15705893	27184767	28503344	29842796	55.0884828101	15705893	86375464	2598721521	13265287	100323	2440606	0.1535770274	0.8446057158	0.4445500238	0.9924939453	0.8446057158
length_1000.thresh_8	12055078	19055106	18928472	19362980	63.0643499127	12055078	86375464	2598721521	10328134	50334	1726944	0.1195725444	0.8567455142	0.383672293	0.9951501513	0.8567455142
length_1000.thresh_10	9650225	14443666	14100154	14849547	66.7168210294	9650225	86375464	2598721521	8307136	19691	1343089	0.0961747192	0.8608230378	0.3323482831	0.9976352337	0.8608230378
length_1000.thresh_12	7927857	11331281	11121331	11847671	69.3392850432	7927857	86375464	2598721521	6782383	9071	1145474	0.0785221021	0.8555127823	0.2871776403	0.9986643508	0.8555127823
length_1000.thresh_14	6670679	9366622	9174680	9714800	70.823771092	6670679	86375464	2598721521	5665390	3015	1005289	0.0655902699	0.8492973504	0.2505519724	0.9994681043	0.8492973504
length_1000.thresh_16	5691750	7783114	7661380	8428299	71.5259835747	5691750	86375464	2598721521	4758221	1221	933529	0.0550876462	0.8359855932	0.2179821137	0.9997434573	0.8359855932
																
length_2000.thresh_0.01	244741048	1691816729	1129068250	1109122431	18.6824875223	244741048	86375464	2598721521	30957589	30399661	213783459	0.3584072093	0.1264912006	0.1452944553	0.5045465532	0.1264912006
length_2000.thresh_1	110547603	1080501632	546657516	522439672	15.4281257467	110547603	86375464	2598721521	32974640	8503805	77572963	0.3817593385	0.2982845318	0.311925547	0.7949825506	0.2982845318
length_2000.thresh_2	58962856	221928790	254530027	241403934	24.6410010484	58962856	86375464	2598721521	30534811	2192106	28428045	0.3535125554	0.5178651964	0.473809172	0.9330182553	0.5178651964
length_2000.thresh_4	34501907	67858254	79759828	73545965	46.8004281908	34501907	86375464	2598721521	23756348	634216	10745559	0.2750358366	0.6885517372	0.5293702789	0.9739974853	0.6885517372
length_2000.thresh_6	24344682	38102120	40558090	39278164	61.9256002292	24344682	86375464	2598721521	18686226	284151	5658456	0.2163371996	0.7675691143	0.508457135	0.9850213309	0.7675691143
length_2000.thresh_8	18519870	26690167	27961044	27071879	67.985204671	18519870	86375464	2598721521	15094006	117034	3425864	0.1747487689	0.8150168441	0.4703502935	0.992305983	0.8150168441
length_2000.thresh_10	14976506	20287367	21805397	20966969	71.2491408741	14976506	86375464	2598721521	12575421	61399	2401085	0.1455901991	0.8396765574	0.4298363782	0.9951412618	0.8396765574
length_2000.thresh_12	12241810	16068711	17260334	16547040	73.6333455202	12241810	86375464	2598721521	10533554	30337	1708256	0.121950766	0.8604572363	0.3891437694	0.9971282362	0.8604572363
length_2000.thresh_14	10290400	13377567	13916976	13866165	75.0016253365	10290400	86375464	2598721521	8944286	20042	1346114	0.1035512353	0.869187398	0.3506543792	0.9977642496	0.869187398
length_2000.thresh_16	8694280	11113598	11447522	11850145	75.7973878612	8694280	86375464	2598721521	7636261	10272	1058019	0.0884077566	0.8783086121	0.3151505625	0.9986566461	0.8783086121
