Parameters	Overlap	Rep1	Rep2	Rep3	percent overlap		bases	on_target_bases	off_target_bases	on_target_mapped	off_target_mapped	not_mapped	Sensitivity	Specificity	F-Score_0.5	On/(on+off)	on/all
length_100.thresh_0.001	2620101	4766274	5034164	4656381	54.3709027553	fresh.macs2.l_0100.t_0.001.bed	2620101	86375464	2598721521	1394253	312	1225848	0.0161417715	0.5321371199	0.0719756598	0.9997762743	0.5321371199
length_100.thresh_0.005	3606234	6981955	7418059	6728625	51.2039701185	fresh.macs2.l_0100.t_0.005.bed	3606234	86375464	2598721521	2155516	499	1450718	0.0249551887	0.5977193937	0.1069200122	0.9997685545	0.5977193937
length_100.thresh_0.01	3606234	6981955	7418059	6728625	51.2039701185	fresh.macs2.l_0100.t_0.01.bed	3606234	86375464	2598721521	2155516	499	1450718	0.0249551887	0.5977193937	0.1069200122	0.9997685545	0.5977193937
length_100.thresh_0.02	3606234	6981955	7418059	6728625	51.2039701185	fresh.macs2.l_0100.t_0.02.bed	3606234	86375464	2598721521	2155516	499	1450718	0.0249551887	0.5977193937	0.1069200122	0.9997685545	0.5977193937
length_100.thresh_0.03	3866623	6981955	7418059	11262832	45.2010233004	fresh.macs2.l_0100.t_0.03.bed	3866623	86375464	2598721521	2423341	598	1443282	0.0280558956	0.6267331985	0.1189755723	0.9997532941	0.6267331985
length_100.thresh_0.05	5267253	11980663	13077906	11262832	43.505367538	fresh.macs2.l_0100.t_0.05.bed	5267253	86375464	2598721521	3496508	3943	1770745	0.0404803383	0.6638200216	0.1627123204	0.9988735737	0.6638200216
length_100.thresh_0.07	5267253	11980663	13077906	11262832	43.505367538	fresh.macs2.l_0100.t_0.07.bed	5267253	86375464	2598721521	3496508	3943	1770745	0.0404803383	0.6638200216	0.1627123204	0.9988735737	0.6638200216
length_100.thresh_0.09	5267253	11980663	13077906	11262832	43.505367538	fresh.macs2.l_0100.t_0.09.bed	5267253	86375464	2598721521	3496508	3943	1770745	0.0404803383	0.6638200216	0.1627123204	0.9988735737	0.6638200216
length_100.thresh_0.1	5267253	11980663	13077906	11262832	43.505367538	fresh.macs2.l_0100.t_0.1.bed	5267253	86375464	2598721521	3496508	3943	1770745	0.0404803383	0.6638200216	0.1627123204	0.9988735737	0.6638200216
length_100.thresh_0.5	8683856	42194943	49238610	37442021	20.2145117119	fresh.macs2.l_0100.t_0.5.bed	8683856	86375464	2598721521	6296111	26173	2387745	0.0728923552	0.7250363203	0.2599316669	0.9958601986	0.7250363203
																	
length_200.thresh_0.001	5210090	8387916	8919728	8085289	61.5536220255	fresh.macs2.l_0200.t_0.001.bed	5210090	86375464	2598721521	3956063	1789	1395152	0.0595570867	0.7866551835	0.2285669034	0.9990590618	0.7866551835
length_200.thresh_0.005	6539423	11147576	11876444	10587585	58.3675459711	fresh.macs2.l_0200.t_0.005.bed	6539423	86375464	2598721521	5144271	4845	1395152	0.0595570867	0.7866551835	0.2285669034	0.9990590618	0.7866551835
length_200.thresh_0.01	6539423	11147576	11876444	10587585	58.3675459711	fresh.macs2.l_0200.t_0.01.bed	6539423	86375464	2598721521	5144271	4845	1424804	0.0646445037	0.7967035186	0.2440225755	0.9989085477	0.7967035186
length_200.thresh_0.02	7008503	11147576	11876444	15072016	55.1908051536	fresh.macs2.l_0200.t_0.02.bed	7008503	86375464	2598721521	5583699	6101	1636444	0.0797584138	0.808055584	0.2859100655	0.9973716308	0.808055584
length_200.thresh_0.03	8525614	16108004	17573406	15072016	52.4616300811	fresh.macs2.l_0200.t_0.03.bed	8525614	86375464	2598721521	6889170	18155	1636444	0.0797584138	0.808055584	0.2859100655	0.9973716308	0.808055584
length_200.thresh_0.05	8525614	16108004	17573406	15072016	52.4616300811	fresh.macs2.l_0200.t_0.05.bed	8525614	86375464	2598721521	6889170	18155	1636444	0.0797584138	0.808055584	0.2859100655	0.9973716308	0.808055584
length_200.thresh_0.07	8525614	16108004	17573406	15072016	52.4616300811	fresh.macs2.l_0200.t_0.07.bed	8525614	86375464	2598721521	6889170	18155	1636444	0.0797584138	0.808055584	0.2859100655	0.9973716308	0.808055584
length_200.thresh_0.09	8525614	16108004	17573406	15072016	52.4616300811	fresh.macs2.l_0200.t_0.09.bed	8525614	86375464	2598721521	6889170	18155	1636444	0.0797584138	0.808055584	0.2859100655	0.9973716308	0.808055584
length_200.thresh_0.1	8525614	16108004	17573406	15072016	52.4616300811	fresh.macs2.l_0200.t_0.1.bed	8525614	86375464	2598721521	6889170	18155	2192282	0.1125109093	0.815936474	0.3625718676	0.9936660345	0.815936474
length_200.thresh_0.5	11910464	30576607	35389144	27590460	38.1924317136	fresh.macs2.l_0200.t_0.5.bed	11910464	86375464	2598721521	9718182	61947	1233475	0.0983716626	0.8732345615	0.3390704081	0.9971156409	0.8732345615
																	
length_400.thresh_0.001	9730373	15755601	13912132	14813091	65.6262999984	fresh.macs2.l_0400.t_0.001.bed	9730373	86375464	2598721521	8496898	24579	1698268	0.1232614507	0.8624330935	0.3921298758	0.9950923768	0.8624330935
length_400.thresh_0.005	10879737	15755601	17030245	18516295	63.6215377444	fresh.macs2.l_0400.t_0.005.bed	10879737	86375464	2598721521	9467373	35836	1698268	0.1232614507	0.8624330935	0.3921298758	0.9950923768	0.8624330935
length_400.thresh_0.01	12345033	19826731	21713176	18516295	61.6674011453	fresh.macs2.l_0400.t_0.01.bed	12345033	86375464	2598721521	10646765	52508	1850026	0.1306167455	0.8591219323	0.4061110712	0.9945475705	0.8591219323
length_400.thresh_0.02	12345033	19826731	21713176	18516295	61.6674011453	fresh.macs2.l_0400.t_0.02.bed	12345033	86375464	2598721521	10646765	52508	2075899	0.1390994322	0.8526757089	0.420867727	0.9938406385	0.8526757089
length_400.thresh_0.03	13132108	19826731	21713176	24667476	59.5044271724	fresh.macs2.l_0400.t_0.03.bed	13132108	86375464	2598721521	11282082	61852	2333191	0.1487100781	0.8462790418	0.4366405255	0.9928483456	0.8462790418
length_400.thresh_0.05	14090677	26766699	21713176	24667476	57.790241782	fresh.macs2.l_0400.t_0.05.bed	14090677	86375464	2598721521	12014778	74462	2333191	0.1487100781	0.8462790418	0.4366405255	0.9928483456	0.8462790418
length_400.thresh_0.07	15178093	26766699	30085880	24667476	55.8565361616	fresh.macs2.l_0400.t_0.07.bed	15178093	86375464	2598721521	12844902	92524	2333191	0.1487100781	0.8462790418	0.4366405255	0.9928483456	0.8462790418
length_400.thresh_0.09	15178093	26766699	30085880	24667476	55.8565361616	fresh.macs2.l_0400.t_0.09.bed	15178093	86375464	2598721521	12844902	92524	4197100	0.1980891124	0.8030190726	0.498532581	0.984625774	0.8030190726
length_400.thresh_0.1	15178093	26766699	30085880	24667476	55.8565361616	fresh.macs2.l_0400.t_0.1.bed	15178093	86375464	2598721521	12844902	92524	1930068	0.131438553	0.8546978447	0.4068965937	0.9949952547	0.8546978447
length_400.thresh_0.5	21307139	42894569	50387210	87624483	35.3339991072	fresh.macs2.l_0400.t_0.5.bed	21307139	86375464	2598721521	17110039	267161	2270876	0.1424553737	0.8441993685	0.4252438547	0.9936036906	0.8441993685
																	
length_600.thresh_0.001	13283134	18460011	20126119	20446676	67.5038249071	fresh.macs2.l_0600.t_0.001.bed	13283134	86375464	2598721521	11353066	57105	2988704	0.1629100945	0.8248136196	0.4550445355	0.9916952757	0.8248136196
length_600.thresh_0.005	14575525	21912822	24056056	20446676	65.8378532836	fresh.macs2.l_0600.t_0.005.bed	14575525	86375464	2598721521	12304649	79211	3336258	0.1706302961	0.8154166009	0.4644210775	0.9896005889	0.8154166009
length_600.thresh_0.01	16195999	26789124	24056056	24918864	64.1306805112	fresh.macs2.l_0600.t_0.01.bed	16195999	86375464	2598721521	13471592	98042	3736467	0.1795652293	0.8058624902	0.4747151121	0.9877695138	0.8058624902
length_600.thresh_0.02	17060139	26789124	29917744	24918864	62.7013268316	fresh.macs2.l_0600.t_0.02.bed	17060139	86375464	2598721521	14071435	117838	4150814	0.1881381268	0.7965420101	0.4837016723	0.9865759523	0.7965420101
length_600.thresh_0.03	18074529	26789124	29917744	31855947	61.2261331124	fresh.macs2.l_0600.t_0.03.bed	18074529	86375464	2598721521	14738271	154880	4150814	0.1881381268	0.7965420101	0.4837016723	0.9865759523	0.7965420101
length_600.thresh_0.05	19246497	34685637	29917744	31855947	59.8588982498	fresh.macs2.l_0600.t_0.05.bed	19246497	86375464	2598721521	15510030	192044	4150814	0.1881381268	0.7965420101	0.4837016723	0.9865759523	0.7965420101
length_600.thresh_0.07	20401332	34685637	39394881	31855947	57.7742479891	fresh.macs2.l_0600.t_0.07.bed	20401332	86375464	2598721521	16250518	221116	10111438	0.265759267	0.6942091695	0.5249478306	0.9704795975	0.6942091695
length_600.thresh_0.09	20401332	34685637	39394881	31855947	57.7742479891	fresh.macs2.l_0600.t_0.09.bed	20401332	86375464	2598721521	16250518	221116	3390354	0.1573186339	0.8003186793	0.4403526822	0.992827602	0.8003186793
length_600.thresh_0.1	20401332	34685637	39394881	31855947	57.7742479891	fresh.macs2.l_0600.t_0.1.bed	20401332	86375464	2598721521	16250518	221116	3906182	0.1685615605	0.7884635703	0.4543096952	0.9914221145	0.7884635703
length_600.thresh_0.5	33066518	89805566	110532536	78144306	35.6214795442	fresh.macs2.l_0600.t_0.5.bed	33066518	86375464	2598721521	22955080	698256	4676100	0.1819109533	0.7706528549	0.4678319003	0.9883229565	0.7706528549
																	
length_800.thresh_0.001	16978824	23425924	25863782	25514776	68.0928075941	fresh.macs2.l_0800.t_0.001.bed	16978824	86375464	2598721521	13588470	98166	5524437	0.1955413403	0.753531913	0.4797385615	0.985503737	0.753531913
length_800.thresh_0.005	18465765	27396968	30459009	25514776	66.4469169422	fresh.macs2.l_0800.t_0.005.bed	18465765	86375464	2598721521	14559583	125971	6140491	0.2037282023	0.7413180493	0.4852345418	0.9832928506	0.7413180493
length_800.thresh_0.01	20388743	32801525	30459009	30401451	65.3052879458	fresh.macs2.l_0800.t_0.01.bed	20388743	86375464	2598721521	15712643	185645	6670798	0.2111842548	0.7322248259	0.4902919963	0.9826393965	0.7322248259
length_800.thresh_0.02	21255416	32801525	36948347	30401451	63.669900796	fresh.macs2.l_0800.t_0.02.bed	21255416	86375464	2598721521	16235236	202363	7380914	0.2206705599	0.7208580502	0.4960029709	0.9802521123	0.7208580502
length_800.thresh_0.03	22414411	32801525	36948347	37567387	62.658358615	fresh.macs2.l_0800.t_0.03.bed	22414411	86375464	2598721521	16889974	248443	7380914	0.2206705599	0.7208580502	0.4960029709	0.9802521123	0.7208580502
length_800.thresh_0.05	23737609	40933138	36948347	37567387	61.6834324722	fresh.macs2.l_0800.t_0.05.bed	23737609	86375464	2598721521	17597118	298993	13598680	0.2752484664	0.636140084	0.5039812347	0.9650097659	0.636140084
length_800.thresh_0.07	24911936	40933138	46901576	37567387	59.5969345043	fresh.macs2.l_0800.t_0.07.bed	24911936	86375464	2598721521	18241138	322272	5405489	0.1743791848	0.735899842	0.4476214948	0.9898572069	0.735899842
length_800.thresh_0.09	26441436	40933138	46901576	49578398	57.726884171	fresh.macs2.l_0800.t_0.09.bed	26441436	86375464	2598721521	19060522	383988	6604893	0.1912697337	0.7143941826	0.461792727	0.98514261	0.7143941826
length_800.thresh_0.1	26441436	40933138	46901576	49578398	57.726884171	fresh.macs2.l_0800.t_0.1.bed	26441436	86375464	2598721521	19060522	383988	7121163	0.1974454459	0.7054401327	0.4657701309	0.9833794498	0.7054401327
length_800.thresh_0.5	37373394	84934842	104009932	74492489	42.5604869726	fresh.macs2.l_0800.t_0.5.bed	37373394	86375464	2598721521	23774714	862046	8179511	0.210271484	0.6894855888	0.4736111826	0.9801736383	0.6894855888
																	
length_1000.thresh_0.001	20467572	27972782	31248799	30015336	68.8086478828	fresh.macs2.l_1000.t_0.001.bed	20467572	86375464	2598721521	15062083	154337	9637747	0.2236676494	0.6671720457	0.4777203512	0.9772284995	0.6671720457
length_1000.thresh_0.005	23125905	32304677	36348059	35143982	66.8399891025	fresh.macs2.l_1000.t_0.005.bed	23125905	86375464	2598721521	16521012	249161	10573284	0.2319879405	0.6545959587	0.4797908029	0.9739771827	0.6545959587
length_1000.thresh_0.01	24175605	38117264	36348059	35143982	66.1684835973	fresh.macs2.l_1000.t_0.01.bed	24175605	86375464	2598721521	17054442	288245	10573284	0.2319879405	0.6545959587	0.4797908029	0.9739771827	0.6545959587
length_1000.thresh_0.02	26341808	38117264	43197116	42425144	63.8643348911	fresh.macs2.l_1000.t_0.02.bed	26341808	86375464	2598721521	18162297	367376	11626608	0.2405607685	0.6412111702	0.4809936187	0.9707604552	0.6412111702
length_1000.thresh_0.03	27793116	46254486	43197116	42425144	63.225208787	fresh.macs2.l_1000.t_0.03.bed	27793116	86375464	2598721521	18794656	419440	19180506	0.2856114672	0.5625915144	0.4711996037	0.9510538384	0.5625915144
length_1000.thresh_0.05	28957144	46254486	53204549	42425144	61.227004034	fresh.macs2.l_1000.t_0.05.bed	28957144	86375464	2598721521	19319397	450183	18800801	0.1864447524	0.4613730854	0.356295578	0.9267835211	0.4613730854
length_1000.thresh_0.07	30611350	46254486	53204549	53484799	60.0442970457	fresh.macs2.l_1000.t_0.07.bed	30611350	86375464	2598721521	20038066	535379	22364137	0.2018431183	0.4380648433	0.3549772149	0.9125000249	0.4380648433
length_1000.thresh_0.09	30611350	46254486	53204549	53484799	60.0442970457	fresh.macs2.l_1000.t_0.09.bed	30611350	86375464	2598721521	20038066	535379	24477401	0.2086170327	0.4240177035	0.351443428	0.9034754844	0.4240177035
length_1000.thresh_0.1	32405156	59072360	53204549	53484799	58.6477233934	fresh.macs2.l_1000.t_0.1.bed	32405156	86375464	2598721521	20778548	625855	26647674	0.2167171571	0.4126162397	0.3494414849	0.8951282265	0.4126162397
length_1000.thresh_0.5	43850329	82912952	101313854	117282243	43.6308586546	fresh.macs2.l_1000.t_0.5.bed	43850329	86375464	2598721521	24669823	1269637	28089235	0.2211445255	0.4047717584	0.3471247843	0.8890810947	0.4047717584
																	
length_2000.thresh_0.001	34905053	50796119	52329461	46630838	69.9236536226	fresh.macs2.l_2000.t_0.001.bed	34905053	86375464	2598721521	16104252	1272246	32397056	0.2334984273	0.3836832159	0.3399521756	0.8703875871	0.3836832159
length_2000.thresh_0.005	39798430	56778854	58181330	58567732	68.8046584966	fresh.macs2.l_2000.t_0.005.bed	39798430	86375464	2598721521	17434293	1671781	32397056	0.2334984273	0.3836832159	0.3399521756	0.8703875871	0.3836832159
length_2000.thresh_0.01	42496794	64156315	65474965	58567732	67.7423226855	fresh.macs2.l_2000.t_0.01.bed	42496794	86375464	2598721521	18019393	1925136	35807374	0.241561342	0.3681685002	0.3332372329	0.8575088819	0.3681685002
length_2000.thresh_0.02	45366719	64156315	74473884	66694097	66.2854614147	fresh.macs2.l_2000.t_0.02.bed	45366719	86375464	2598721521	18719045	2193093	51499048	0.2640087236	0.3069041536	0.2972450381	0.7870141816	0.3069041536
length_2000.thresh_0.03	47190696	73623433	74473884	66694097	65.9114279121	fresh.macs2.l_2000.t_0.03.bed	47190696	86375464	2598721521	19101461	2383037	28089235	0.2211445255	0.4047717584	0.3471247843	0.8890810947	0.4047717584
length_2000.thresh_0.05	50501859	73623433	86312550	77285597	63.8666924822	fresh.macs2.l_2000.t_0.05.bed	50501859	86375464	2598721521	19754613	2740414	30747246	0.2287063025	0.3911660559	0.3425066639	0.8781768966	0.3911660559
length_2000.thresh_0.07	52565591	86254433	86312550	77285597	63.1159274001	fresh.macs2.l_2000.t_0.07.bed	52565591	86375464	2598721521	20168535	3003366	32397056	0.2334984273	0.3836832159	0.3399521756	0.8703875871	0.3836832159
length_2000.thresh_0.09	52565591	86254433	86312550	77285597	63.1159274001	fresh.macs2.l_2000.t_0.09.bed	52565591	86375464	2598721521	20168535	3003366	32397056	0.2334984273	0.3836832159	0.3399521756	0.8703875871	0.3836832159
length_2000.thresh_0.1	56672347	86254433	102449048	92343888	60.4940873864	fresh.macs2.l_2000.t_0.1.bed	56672347	86375464	2598721521	20864973	3467105	35807374	0.241561342	0.3681685002	0.3332372329	0.8575088819	0.3681685002
length_2000.thresh_0.5	74302924	132206626	163495383	154085319	49.5587043306	fresh.macs2.l_2000.t_0.5.bed	74302924	86375464	2598721521	22803876	6171302	51499048	0.2640087236	0.3069041536	0.2972450381	0.7870141816	0.3069041536
